105149
128954
124735
57184
110269
77673
90730
17280
72984
21527
79549
59131
77785
77793
21512
109572
130294
13176
75822
107991
72655
19905
50196
96809
54603
128595
76139
19976
74946
70209
127594
124594
19392
95469
110969
60505
75493
22205
50160
19974
51024
104109
20042
57178
70170
77452
76748
50226
72778
77873
50151
95569
114093
111049
90949
77641
50278
90709
109869
119973
72776
97749
72372
57170
78460
10838
72483
57206
19831
10896
128234
75165
95549
13593
127434
84888
75451
101449
117733
121953
72903
119693
108909
77792
70168
89789
121113
17432
75280
108469
92389
50063
19904
77787
64395
54695
51004
54858
79868
102529
75229
92149
128474
75057
19473
60473
72878
75174
51021
77805
77804
57216
15591
54620
57200
12470
54696
72373
77799
57203
21737
77786
21351
57586
70629
115033
18954
50111
60500
91329
75537
75742
72590
130854
21677
113154
72323
20980
101429
110689
89609
75452
57214
20104
117033
100210
75656
21354
72344
60499
88829
78439
116453
57185
77598
16602
66469
115454
65858
125014
69160
51254
77589
52981
132435
69159
53164
75223
17468
12041
56164
53168
87829
73327
88869
56593
10213
122713
76145
70033
72515
70541
74999
18115
72516
120913
21662
106991
121754
131774
50142
12135
87850
77456
129574
90029
121233
132416
106629
77427
114053
69950
129374
16370
98449
11168
18385
50115
87810
21982
118213
53630
88689
66467
73586
89969
22241
20477
76268
18961
128556
69199
97669
106493
130674
107170
56684
87809
106571
56376
66468
130094
87348
13675
22240
76610
56962
75312
72686
19123
72685
74997
76318
129996
100789
98069
120514
69739
64153
16683
128334
75551
106750
129434
106811
97729
19135
72416
77745
69015
50107
56687
15312
64207
128974
19125
115333
122953
132214
11639
130194
19783
129514
19069
21895
69198
64314
53165
98569
97710
75886
101129
20368
100790
105850
129534
120193
20037
87869
128654
132417
75478
75311
56686
56704
11241
15017
77444
77214
64222
77884
120174
69197
80889
72517
120194
21459
89889
58209
128634
75408
69200
118475
20707
72341
13355
15609
126174
21743
50208
11874
64320
13545
122853
16046
74359
22223
20263
66415
107350
122873
54677
122875
10834
122876
50037
13683
84049
19257
21396
75883
119395
129175
132174
21999
64286
108970
77764
73664
56936
19422
130534
108369
50035
104349
77762
17721
52778
20957
75884
21181
74984
77735
50182
52804
14477
90129
65471
122874
13623
11493
77759
14846
50128
132175
18324
50252
18272
106829
82808
106929
110649
13759
129954
18837
51237
111633
106189
21981
21623
104770
15854
78008
18089
101669
18410
17209
21019
15744
98269
59405
10583
19715
56169
16939
21905
119254
99670
82909
50238
82809
130514
21395
96009
20627
19979
70250
61033
113894
76676
18380
13695
68495
21663
70247
17976
15593
58438
77681
18042
58055
14085
18059
126334
130334
89289
75717
113016
21291
112414
117174
65503
15102
65903
21795
76677
11311
108689
113895
64339
77676
125974
74338
65501
20120
13793
61035
117233
116753
14302
112634
77721
114493
112553
68604
129974
12038
118355
11129
14060
127136
19677
50248
108289
108069
14417
10289
17579
107249
129594
123013
98589
119993
11597
108010
59097
74926
128394
12870
74965
16319
13230
101389
122093
64266
50696
129254
15283
116133
68967
96110
114773
72724
123153
104129
12953
64274
14046
72550
17822
77574
50305
92829
69064
106389
109112
105009
18096
64201
88749
77639
10409
123134
12985
16371
76772
69367
18800
77424
106472
87108
72654
115214
10048
54852
75248
123814
64282
72611
120313
117195
89071
10801
18935
101629
21010
113033
131314
123194
72657
72713
13100
72722
19935
93349
129236
12760
77027
14313
64250
75081
77025
64178
64174
13605
127555
68968
122614
102269
21688
123374
64173
75525
115653
72810
76783
74785
114553
121133
101649
75254
20164
11866
12465
12166
123455
11108
64302
64180
77430
84148
69051
108789
74883
53779
75060
79248
77024
20447
108191
106429
64175
15221
94989
72821
120974
77262
80428
121193
15506
11528
86508
73700
15230
11566
11243
72925
72577
59475
87909
105969
75521
50130
115274
123294
77642
76692
12278
15006
128355
50013
74850
60604
120695
16829
89589
17289
88769
16531
121493
125714
72613
20492
105669
124814
18319
107930
72648
131094
129474
13312
11722
102009
129314
69172
12043
104689
13299
15666
21628
17710
14788
80408
120753
88929
87388
108790
50694
14122
16338
17634
18507
81948
11203
11482
75906
15394
114973
94709
54685
21673
64168
106471
104409
19397
50683
106430
120973
81968
69504
14436
109289
106470
75620
17363
64171
69034
106091
98149
64169
64161
50023
128074
64165
82188
12558
77551
20245
77362
109410
101829
11122
74778
120113
69052
50452
59324
77361
105290
68910
75271
64275
10080
53627
129235
74855
120953
124554
87889
96649
13806
73182
132155
118295
127374
64205
131434
130134
75121
114393
122633
16496
50304
81949
75542
72800
58485
64319
108629
121213
87413
87629
130394
69453
14985
106475
97909
122273
77429
12840
17995
16226
72872
89029
17900
101849
127994
72815
59123
128815
74854
128874
59342
50066
105629
15648
50199
87088
102729
121433
20309
122333
53567
69223
86348
69263
12761
127214
122553
72548
70195
76791
101929
107749
75249
59328
72572
108670
72609
10881
18351
77840
109570
20916
106269
96089
13617
108209
64259
19272
77550
114774
77494
69031
77790
12641
98229
21989
80411
129214
121873
12616
19833
102569
16943
10429
50135
69033
112933
74910
18838
106749
59448
96509
72723
69032
69161
122593
69158
96629
50109
59447
108270
11534
121434
123554
20373
69465
50282
72873
50231
77339
21928
65954
122013
128115
124115
11340
10033
75578
50267
89009
121854
108509
74749
121373
13352
20785
69262
64288
50118
14881
54857
87188
13092
21205
13024
52234
22203
126456
88949
13443
131414
18882
123734
106649
50449
20226
20418
69341
107353
22045
113014
19825
50552
85768
92349
54838
10936
107210
11586
72007
109549
15695
19163
61040
102889
20058
106229
20962
125274
74857
19801
86548
20419
109550
82648
107949
129855
68390
109089
13553
68705
15741
59507
87068
116314
12666
64141
61032
22165
85268
96849
74801
72523
121093
116313
22119
88589
21804
96829
128714
19296
12036
50116
16439
116293
119353
87649
15110
50018
50220
75306
70542
129934
21969
70471
13430
74720
127796
17817
10022
127795
76501
17030
100289
50076
120034
103309
21820
12556
21423
65577
130595
109169
16953
101989
123093
16922
97149
104089
12637
114133
121353
71407
127794
18924
64212
11271
11698
14621
131554
99409
95049
10622
10880
124154
17219
127814
50506
50005
109329
12793
123896
130074
94549
52694
113377
117153
13866
131234
21333
14363
106170
10406
121514
122113
106169
123894
15065
123895
21005
17534
131578
14018
15357
131716
14785
94229
11838
19276
108310
122753
69137
104092
20565
15035
56174
124135
94609
105609
19322
14616
124074
100589
89869
11556
16771
126754
15456
77415
76775
90649
63973
18004
14117
131274
11022
18274
120033
19438
107030
19599
17210
64284
104669
17129
50679
64385
21535
18216
11298
108169
18554
68371
10432
14048
123514
15076
18883
130374
17171
115373
82588
111329
13686
131575
73198
76056
20632
20965
16423
65511
116573
116234
21095
128114
114793
20639
12010
11369
14005
17477
123534
130054
14706
98549
10755
73195
11102
21560
21020
10220
130614
11166
123515
114473
11629
98429
11017
101689
123854
16900
18006
17842
10678
117996
82589
71953
14258
13248
76430
13754
125894
11214
21460
20476
121653
18851
71378
114213
18371
10340
21425
20438
14356
21770
60479
10355
16632
17905
14776
130414
102609
12234
61050
21479
21966
99349
131635
19433
16094
64078
90509
69666
105829
128195
17640
105949
16796
75293
17061
85248
18786
131634
106812
18173
131636
12232
73996
17918
18936
15053
20317
52744
121393
116595
70416
16989
12643
16834
82488
16524
12168
65456
11914
76592
12678
112034
13290
21886
107790
54563
19981
93249
21908
16101
19424
109209
52263
117514
77211
14035
97109
109650
132096
107829
22231
77737
56606
71347
76615
15480
20849
76606
19642
107250
22111
106490
94029
54861
111434
19659
74294
107232
131756
14422
20822
84949
12160
15251
71906
109629
19810
121616
69760
12581
83868
72224
71963
58253
87691
129834
17091
131614
56961
69437
131374
21348
11415
21278
131118
16169
65454
17541
97549
73906
16792
11537
11474
10362
17311
20036
12208
50265
22114
76598
124714
17154
132374
20936
121613
73874
22082
91789
68636
115913
130876
50001
72126
19965
18873
50237
123314
19175
20852
107369
17168
19183
10732
22232
13341
12424
61081
74867
73041
116033
64073
50104
113393
71951
131654
74052
21343
18797
22116
74729
83709
18112
21138
76600
74049
72957
17245
74758
14878
20816
13610
117333
76601
114073
14241
61091
15146
92229
53558
64008
19616
15894
88429
10066
84050
10672
74803
19811
16545
15377
83708
20403
110570
21313
130714
11653
18116
21578
120433
102292
83108
11200
64047
13457
19812
21656
114353
16970
77637
101089
66022
73167
71960
124214
20315
21052
21998
114354
124734
107731
21347
131117
52749
129854
16663
15668
21561
69265
56627
64408
12535
17476
64992
128095
20187
11818
107051
126434
130694
117313
130434
95129
16702
20859
64046
127334
16189
76594
113474
61067
12124
64458
74078
61090
20725
15452
19036
107052
106815
76224
89249
14383
20810
10009
16458
107389
20391
97029
75853
15397
20035
13179
114355
77473
50166
70747
21629
54686
19118
20823
20323
70605
115174
19840
125075
20777
14918
11276
94509
123914
132136
19518
11855
20262
21220
22125
114873
15679
19159
20724
21577
54863
114333
76605
10053
66021
75871
61238
22177
115014
11752
101609
117273
64428
12752
61237
61236
106489
17660
50025
12504
11229
96749
16419
13468
126794
61239
11831
21299
20655
18099
129134
73876
70746
18166
57845
22126
13708
87689
64098
131854
22025
52170
74055
14239
131454
12412
76043
19330
11453
22009
68363
20322
107049
52954
13501
11212
15130
50093
66556
13803
74804
13949
17215
121614
97290
20265
19716
127354
20756
12718
119554
57846
19185
10699
107269
19803
22128
76194
95109
10206
14088
77121
101309
14420
20547
57811
17026
17475
106329
21399
122313
18460
126875
71312
10350
19962
112033
19102
118333
126734
89469
64065
11268
10005
16241
21252
72491
20706
15809
57844
50311
75492
125835
22204
85528
21281
112053
115015
87690
19813
12512
76183
12539
87669
21997
15379
14913
10907
16710
19838
76597
56624
101909
121615
15331
131876
11659
119974
71195
19566
13438
19577
64254
19070
13274
14762
12869
20266
20663
19378
17749
19814
113374
118615
77115
99949
15336
16884
13888
15943
76225
17430
83728
15199
19103
116333
13497
71250
72768
72128
86368
21847
125834
69343
73826
77360
19775
89629
12692
86328
88069
108409
64220
96249
55611
59321
77839
127914
19546
120593
20211
16219
82088
20212
58252
95769
55614
75526
10922
129995
121634
118794
77380
19094
75661
10132
72864
127955
120173
75482
88729
60521
16757
60229
12645
69063
19878
72048
128015
10715
104090
18979
22036
13483
96670
96869
68414
58176
87168
15189
10629
72865
15586
105769
72774
126934
99189
21857
107809
81568
113015
98089
75483
18950
95969
106574
120634
72721
77796
75180
13224
72537
107211
20814
21978
21427
19906
120274
20190
108029
86228
17063
99109
131714
106610
105389
105789
14062
68412
69332
127454
68448
18495
104789
60517
77771
86609
69944
106949
75269
74877
64249
75141
20577
20213
19111
58249
19389
20320
17751
105529
128816
132335
74957
72248
107870
69351
17709
64050
75659
124654
72249
12491
128174
75564
117613
75405
87448
107231
86610
22093
106510
20603
130675
115973
75869
20692
16670
123173
58248
19777
10887
77773
108151
18603
64248
97449
18431
72475
120013
69470
128096
15938
131834
87508
95729
13403
90109
106009
97489
75402
11382
19319
72470
17761
60255
106810
96569
16906
58231
75239
16539
21911
77772
117115
10471
105849
75404
20199
69809
120933
114974
14591
60533
96529
17105
115993
75045
18284
127114
21428
20464
115394
88449
86028
21771
16400
16089
19778
77403
75265
17605
15250
19390
129074
16911
109009
100649
75260
74958
68824
20535
18740
20296
86528
112653
126634
55613
73245
113753
113413
19165
105989
18442
15569
13463
111433
106473
11832
84708
90269
75523
132423
21907
22188
116673
10567
12443
61025
19269
16203
130734
20130
89129
72463
57750
22189
99729
88690
15043
58247
119833
60251
73246
22137
127134
11152
19503
75484
19324
21038
75314
123974
73084
19097
11959
19780
105830
106549
20131
17035
20132
59426
115933
13968
108229
130215
20093
72247
11416
69221
89369
10056
13471
113933
88169
54702
127834
11471
52803
11814
20578
86608
22015
19005
113613
88310
69222
20579
13476
129814
129935
59263
73066
17187
10135
87368
58250
69727
20277
17377
15508
20498
19781
97170
17846
127574
19999
98130
97349
15544
15868
19160
125114
68864
10734
88629
14279
19571
12592
12016
131875
21270
90149
16830
114853
77823
69484
55610
89230
89229
72576
15939
21430
18201
106289
108249
19307
19385
68413
59257
14181
59425
20604
19554
109610
59428
113513
20343
16382
68859
19384
120673
50224
15562
72246
125514
119959
19220
113934
118015
15535
11996
15750
114754
22180
75555
21884
10846
87248
117254
106970
20278
130754
117453
20580
54701
20713
22038
50061
128794
88709
16651
59264
75571
11879
90169
96349
20165
105429
21653
120894
11299
58251
17081
88649
20623
106669
19782
11549
52329
58239
68863
77388
100969
75868
70935
59424
50163
10254
69342
13953
73120
13959
15013
60257
13625
54703
72762
123354
16261
95989
18037
16510
13822
75522
88730
117473
19652
73082
19557
75426
15201
75824
120275
96129
74960
120073
19784
20605
98169
22192
97289
57755
11082
11573
20552
22209
69344
106069
13044
78438
12379
72482
106771
21584
20307
72490
107609
88329
70483
77387
112193
107169
20441
88309
13601
72355
20098
112753
120533
72468
75751
69353
19110
113713
72763
75568
75562
74863
77263
69810
15409
109110
77801
124495
20606
21774
16990
12146
19786
88469
88089
19611
128855
105489
131894
120893
69361
121013
19482
74953
75524
129674
88909
72700
77498
96389
60618
77802
90069
19949
120493
10861
21958
128596
128455
58410
105169
88229
21533
18896
20812
20085
131415
14984
73083
13185
21461
130015
68913
69352
102649
117773
60508
88609
116973
20333
106010
72361
99589
106474
15218
58256
72858
96049
12878
60510
115313
21431
16460
75520
59494
73326
65946
71938
111055
127954
72152
89070
95089
93469
131579
132254
21601
58195
125095
104291
83368
74054
17188
20739
66041
66862
82948
21055
61083
71003
102291
19670
11247
20207
21162
118733
76321
76845
84388
20269
61231
12059
52718
131577
65957
20540
19893
102331
131474
19731
93569
130934
19885
99629
72506
71176
123574
57872
104449
20022
18160
124635
75075
103009
72072
104251
66508
126115
77666
12463
57258
125754
19116
75532
15481
14130
19329
111933
84528
104729
102932
74614
92169
93653
50050
102989
13868
110309
111735
18193
102311
82229
119960
66478
113514
86149
20742
18248
109950
84648
92269
86688
75241
52800
112873
110990
116433
10606
93430
20122
107889
74343
19843
71686
66476
72214
71148
13818
66509
76786
94669
79268
128434
88409
103229
76575
50266
72008
93729
93589
21384
86728
71939
76731
76955
131354
109450
111993
66010
92309
20192
74995
128495
104509
12983
95889
61094
82748
71193
131514
66554
14083
74655
12576
14934
110912
16436
82230
115493
11093
22112
76673
74194
76718
74870
110389
19536
16291
13935
21381
85369
110869
92792
76596
65947
72217
53607
125755
15180
76659
93411
66403
21320
92329
72931
76642
52709
124534
104929
76603
10165
63938
93630
71246
19462
74397
102831
16885
56972
68279
10959
109411
19465
109949
65960
20935
76481
74064
12569
18447
125654
21777
76421
16438
95009
18130
21741
64049
65991
127634
77125
83988
21547
68277
112334
76503
14893
18627
14180
94389
72274
74689
13945
128774
113176
15751
60212
76661
131134
66438
68656
93689
19530
20735
19592
111454
93309
110030
75158
16184
76655
131054
16549
113553
118993
64093
22069
83449
20206
71688
19752
120653
19509
76614
85368
15661
20743
22062
21064
76612
83948
111209
21812
76824
64413
16143
76685
16342
19532
104470
19122
74950
82569
81528
76322
19875
76688
93570
57677
74060
95909
16190
20055
14529
76732
113573
74813
82508
11485
19199
93609
102849
19657
127774
77044
17573
110249
111389
76734
56967
110910
56969
110351
64031
71605
61240
15038
22065
111535
68518
106509
117993
53016
71357
65958
82568
21145
19656
13978
71244
19766
101769
50249
66510
74555
63935
74288
19534
77476
106369
96369
101790
18878
20228
10092
68564
64252
126274
20031
20021
98029
66555
20809
101789
84808
64195
71690
94849
16484
110530
76565
14743
93431
16393
76793
111390
94149
19368
71747
83248
71703
10806
74299
11836
76725
19815
17953
19886
18692
112773
19551
19687
12553
20227
20229
107649
128754
16677
110669
75123
22068
101791
71935
10294
102829
74719
71797
66411
104609
65933
19673
74114
71623
93109
71917
111773
122495
21240
82228
82848
10964
18561
19667
109609
109491
71203
19512
76662
21947
129494
17133
56970
76190
76893
58143
76478
110914
60503
74291
93429
12001
110909
76211
76579
76873
111169
77058
14385
21203
12416
93949
20987
12629
66042
111130
104649
71687
85228
74290
14807
18488
76823
110913
10591
101651
119334
82288
19889
125134
102589
71848
75253
15179
93489
86388
72111
17277
124394
110429
21204
92489
12947
20023
58185
19409
76506
71414
74923
101793
94129
112153
83529
115293
20016
66401
93389
17897
61261
71689
11719
52626
11301
66009
83488
15131
22107
76480
93169
53014
76319
76587
64151
111736
74053
122534
71990
12933
83128
111393
19884
112774
110189
101709
76738
104749
61088
71946
17843
110911
74096
114173
65959
95529
119154
96949
19881
71945
110729
110749
105369
15757
71808
85328
71248
125914
17654
19117
75039
109589
15866
76840
66126
118433
114214
20595
77488
102330
11018
66419
131174
122453
16091
20539
20860
109829
104469
96729
118575
63940
74199
82570
74105
84828
111713
11135
115753
72471
103929
21206
50084
71934
16104
103750
110289
76581
74615
77477
83448
19497
65859
118093
93651
74077
72255
110469
93709
92049
20738
94289
85128
51050
71684
111289
110169
18211
131335
92749
20215
102290
93869
124634
20726
82408
19890
85688
21602
14277
76604
82688
19730
114733
19166
12668
122833
115453
110049
71882
104471
92669
109909
20865
110449
93549
58045
13037
21603
114293
74399
21599
102931
63939
65990
126095
58044
113231
71262
117753
94449
65893
74711
71904
16627
110310
86968
61262
126234
71574
76607
16744
104289
75159
120273
127394
91549
15351
11045
94489
11021
109371
71704
17904
18893
61243
81548
20798
110769
69071
111493
71175
75413
20728
101729
82249
18632
110409
19211
14661
50262
14560
19844
20264
111473
22121
119374
74079
112613
111816
76872
93409
74365
10134
19186
52792
75080
83369
131896
21161
52259
76484
86908
10815
71604
118113
71555
125174
74335
74336
74980
76739
124494
66499
76613
126015
16040
11564
104849
72458
76608
13674
109809
14731
71261
75651
13572
119494
83349
22123
71809
58196
93629
85055
64196
83348
83808
111693
76737
132054
19714
65993
109189
88249
11940
17138
53563
66616
76841
93149
119633
19142
77126
65934
21604
17637
83188
118753
75019
110089
13618
21160
125354
125594
116233
74869
109250
76892
20407
113193
71210
73313
61093
125675
21382
22124
61241
84088
61101
16440
13626
19804
19463
74890
12755
83189
76500
93649
65950
77018
20000
81608
85070
61281
102930
113155
50015
110870
19595
74197
13503
20861
76602
21405
11695
20024
14928
111953
66615
106689
117533
68278
58144
126094
19078
82069
110029
11934
10047
102310
10157
76846
130774
118393
93550
19594
21614
74560
71702
58046
131116
19601
76479
94529
11187
20001
89989
81688
21615
117913
61283
66439
110390
93652
74559
53593
12802
111392
19828
83028
50169
19892
20567
61254
93209
71186
110549
21549
18485
71950
19593
82248
104250
76726
104209
131074
76774
102309
117893
18364
93789
15529
92791
102312
122973
84668
19713
85057
61227
20858
80248
83528
76499
19468
61194
109490
95169
110569
21838
66412
92790
111814
16082
50297
101650
15277
76658
113896
86568
52710
131974
126034
83148
19537
93031
16408
71321
74797
74824
82068
81928
74690
71685
72068
10426
85728
91969
61282
14662
77320
66402
12807
17388
71415
20803
13912
73989
15937
74810
97469
103389
111654
16645
14398
17419
76485
76591
66127
74809
50034
58165
132100
124355
109669
103789
61211
16246
77386
15449
16471
96429
95149
17409
119193
14641
112713
128454
103269
82928
71247
20729
19114
21489
111129
101969
17459
72901
14132
21632
50031
56968
118016
103669
74337
19461
52799
71796
20185
19464
61195
131895
84108
11179
74717
61242
16443
58478
111915
74351
131120
71413
102830
116553
113194
67373
20184
19883
100429
71807
76921
17831
71260
22066
94929
92529
76507
21213
125094
14650
119014
85069
16063
111815
74353
12744
110810
20002
10295
13600
16609
64051
94249
18066
111833
93849
65932
16027
73983
19556
18582
61229
131674
74921
22064
110650
21279
83208
19888
83668
66558
21667
131914
125416
76578
109651
103569
84468
16444
66013
103869
113493
94109
93551
76788
118893
114573
56771
118033
19535
74112
76674
71846
102329
74287
74321
21301
21927
19845
130214
53015
131294
72115
110950
13954
22056
13736
111270
61302
12887
17320
71741
16551
71423
71245
94450
132334
65899
56778
125734
130954
93329
104809
74798
20740
12689
50195
19818
19882
109969
129234
19508
14666
21548
61196
82308
112775
12455
85668
16355
77844
11688
75262
20385
104151
76495
94650
65992
76558
74357
76497
20857
92771
20124
111974
113177
74352
21534
16217
109830
132034
20907
50284
122693
111269
20730
102313
131034
119713
92270
76567
13277
18804
109749
14501
71322
61102
75649
19171
110329
56715
11749
76422
82428
77328
74556
71079
17713
66000
82668
71313
82868
21494
119073
117393
20731
84748
13669
131594
19460
74876
93410
114253
11092
81908
21037
103909
16421
119273
15058
68657
22063
124895
130034
19467
20015
93650
111494
118973
111229
112453
58182
12149
66404
76496
11239
93690
19839
109370
15641
76323
13048
94309
71940
71845
19151
71961
117874
118953
21645
72631
110209
15261
130976
71610
19057
10958
124454
77585
77154
76826
120214
11249
125314
76559
71964
131814
76588
83669
16394
71947
71683
66413
131135
118855
85888
109469
52625
74062
75535
71356
81588
124854
83269
76609
76580
76660
19510
66386
101792
71086
75361
127094
21158
61230
85968
101949
95790
18691
77120
127674
74072
104829
18726
119653
71916
124335
74418
94670
22130
