87408
50234
99813
69213
64276
128054
50032
50203
75585
126694
114593
106592
21438
121993
129734
20248
106591
128574
128557
120794
21636
87528
99831
50019
106590
121735
12649
14994
69212
50198
129195
112754
12269
50058
12954
128555
21788
50264
99812
99811
77717
87531
14456
77709
99793
75587
69214
50027
75586
99830
50073
87409
72970
72968
18085
99810
21127
77715
106589
72975
76839
87428
13657
73081
50223
87548
21128
20436
129174
21129
50842
20249
21130
120813
77714
75583
20250
50068
87529
16799
50016
87530
130014
77718
75584
50152
87410
64287
18968
21133
72974
75582
125434
98329
50137
69210
16800
106569
16776
19230
120833
123634
72972
87411
13781
87412
79149
128554
50222
18317
69211
21639
129754
19232
99791
64277
20596
21640
21274
120834
19291
69460
112673
50033
50148
13075
50010
69215
87431
21641
50165
87432
121994
21642
122773
72976
75567
99790
112674
50175
72969
128514
99832
77713
115593
72973
16859
19789
20970
73352
19024
125294
122493
20193
57917
57916
20626
131334
10252
18944
71235
71237
13063
12763
16674
107297
114893
50295
50245
16035
50225
16903
61220
21191
22000
65532
21192
82008
19734
20909
116993
13847
20102
20641
21267
18546
50051
52874
19605
12497
10041
22197
70329
13208
12156
85448
15528
11096
71238
73353
18773
108549
65531
58329
20618
14625
22001
56922
18989
60989
114833
75899
99069
12099
64290
97129
11651
20723
11827
11367
20536
19352
61020
10654
17558
126714
73028
19950
78708
106990
19035
71991
18830
103029
19841
17077
96029
14882
119593
95850
21880
51627
11519
19733
15030
14395
22181
99850
124195
12600
20969
113653
11553
18378
50239
60207
50218
105809
130894
119473
119574
126894
64102
77499
50159
70176
19982
22046
10269
131075
12590
16225
118073
64322
121913
16872
12024
81208
128374
115533
108149
128055
22200
50150
11542
12057
64269
131734
20420
54871
70211
22161
22194
16860
18836
55830
20599
125777
20197
52238
74699
21442
21375
73169
116833
124194
54829
14967
20537
19550
120693
21199
121473
125394
13066
12257
19636
10399
83048
99809
21463
102549
18986
127474
18086
72271
57689
130354
131194
126614
19021
50074
129654
123614
69669
95851
19517
64111
50122
19977
59506
99329
69472
124254
125775
10333
125694
69224
110949
132094
77736
19106
20775
109111
86288
106773
20764
126494
110529
21283
126375
19354
130494
65929
117113
21285
75692
14841
119333
20394
20205
108150
13869
11633
70813
16907
16750
126314
123595
19728
118054
19432
122513
74688
129900
59119
77400
116334
50011
22057
50042
20230
120413
11164
51971
120674
102411
61106
70548
15416
50002
13613
20753
50064
112698
18704
18332
72639
119573
72640
13712
68505
20115
15680
73395
76729
21495
19725
64041
116335
19514
112697
56702
112293
50215
17128
20661
19998
61107
125395
65535
94069
111513
50070
126974
22034
15727
19837
19164
71699
50192
59093
50120
50645
130574
11583
129335
126374
112973
108049
131794
17565
54831
60621
21634
131517
64299
125695
75062
125154
11341
22164
10741
83049
61064
50191
81369
20201
50026
21307
14843
21209
18733
11171
20975
17448
16351
10919
13329
125475
131254
50280
50261
124334
20133
77404
70028
119613
129994
118293
20747
16704
123133
12549
50168
76680
20582
16310
22108
12819
119533
97829
50155
121693
19040
64420
75340
12428
53602
13495
20653
65571
21906
20695
77399
76186
64418
18852
75416
17928
17022
18978
70538
20499
95249
64300
77784
109709
10492
50442
15692
128354
61080
18690
111052
115073
64272
98689
50167
18610
64014
123654
19726
53832
99713
19471
125474
22049
61267
17369
112093
69949
19555
70956
123615
115534
115613
21573
129336
20773
17662
50154
130575
19453
73757
77590
65660
126895
50060
19089
20545
21883
12628
69355
17037
70539
110849
102249
121893
74567
22047
76657
115553
19101
105069
20548
20109
20500
16199
58191
57859
73351
21152
123594
64301
99689
21074
22040
75687
128934
19608
50236
50006
50451
14744
75341
74693
10961
16949
59501
51286
64307
22074
22048
53046
20890
53584
70175
17397
19313
121694
21808
72867
121933
54817
52136
64414
11097
75216
130875
125414
129454
19956
60945
106772
21991
123655
20422
56701
50269
68876
127494
56635
10415
116193
58028
131014
126354
17365
68245
64419
50292
102395
120773
75339
19957
19771
117114
55992
21496
18219
77401
78848
16358
21073
76918
57571
116733
18065
128214
118193
20008
15776
118175
52135
20508
20746
118174
72312
18072
19493
17005
64042
130895
53583
13599
108129
95229
104590
103949
16175
20556
19610
19312
127074
11429
14020
127075
13658
19485
112515
102869
50181
129675
22110
109129
18775
99792
131119
20557
16313
125696
71056
18835
104969
131576
78372
77889
13569
10483
78420
78388
69177
116053
78408
21124
78409
121573
120853
64103
125674
78421
78410
78411
78412
78413
131775
131754
78414
78428
78429
78430
11941
78431
78415
78432
78416
122073
130794
106889
100369
57837
78417
78418
78690
19357
78419
78433
103329
78577
112273
78598
78603
128154
78605
15865
78579
127694
78608
78434
78628
83568
78629
78649
78631
78633
22084
105649
78634
78654
78653
78643
131494
78641
78703
78657
78659
78748
81768
78772
80949
115813
82348
78773
126814
78775
64335
81148
14563
78776
63970
78777
129976
78760
78759
78452
78779
83468
81128
78822
78780
78889
78767
78894
78878
98509
117573
79452
60935
22225
78901
78882
80852
78910
80668
64289
78912
78903
79769
78916
60575
78921
78917
20247
78929
78932
78935
78927
19903
78951
78693
17319
120454
78940
21565
81308
78954
103609
116473
131755
12089
79488
78942
114193
101889
78944
80988
78959
78455
78965
15684
78456
78967
131695
66023
22029
78989
78992
22167
21287
78995
78996
114653
11970
79002
79005
81171
79012
124736
101169
78980
100729
78981
78982
78457
78983
117673
79015
22224
79013
104949
112213
101150
79019
78458
79028
79022
79024
126554
79027
79049
79050
79432
128254
21557
79052
79035
78591
50090
79056
130634
79060
79063
78468
81788
81769
79087
79092
79094
79086
79084
21563
79083
79082
79079
81810
79047
79045
20808
79077
79043
78864
79042
78488
79075
78469
126994
79040
78694
79065
127234
84128
101189
79055
126154
79032
78473
78863
78489
79030
78986
78474
79014
78998
78862
50014
78845
78846
78861
101209
78844
78490
78843
17460
78993
78842
78840
78841
78988
106209
52903
78975
78961
83228
129975
100809
79948
80670
17566
101190
78936
79508
78839
78857
78925
100949
79968
78491
20224
127854
78836
16327
106729
78856
78475
80689
78918
119793
121633
123254
100749
126355
78834
78906
13958
81811
78492
102109
78833
78909
64955
78854
50325
78853
130814
124834
78493
120453
78852
78476
82988
78494
22168
78851
78879
78849
78895
101710
15611
78831
100169
80450
78893
78830
78829
78828
78827
78812
81329
78791
78792
79352
78816
81889
81828
78758
18790
110829
78757
61078
78755
50000
78771
78754
78495
78696
80848
19745
14283
17692
15366
15436
114413
61293
12698
72367
131994
17119
77601
19187
17799
125196
18641
130615
12690
19682
14946
21995
16786
12441
16600
111733
20335
53000
110891
77577
11828
85608
77583
21004
18179
19623
77571
52996
61294
112793
17617
22058
11196
77763
13794
15280
119954
108710
129875
56042
14250
14272
14672
18305
127514
106411
14025
61269
100009
123474
19192
111352
109269
103409
18570
89429
20076
17221
126854
73808
53010
14447
10366
15626
17618
77760
10813
11224
11557
72408
52828
129397
128034
85056
119953
104169
74934
111353
20829
20138
11449
11955
54699
12105
77860
12614
58056
99609
54519
17032
72422
14703
20365
106573
15085
129396
61253
113073
131574
77600
111734
19366
10360
88009
20405
95690
77765
116493
125455
111369
115693
13833
20587
129334
87288
129896
115093
20252
77584
125054
20360
19286
77669
129014
16014
15981
12831
123074
64160
72492
72369
52999
15917
90729
20372
77725
15486
19675
21725
116173
10171
77582
19870
111350
87269
13023
77654
94589
100209
16039
17939
12638
77768
11165
19188
12479
16980
77703
112994
77604
129895
17425
18127
18738
12796
61272
103173
86308
60599
77859
61259
91871
10657
12075
130254
19180
111371
13920
21798
131154
118795
16415
119854
21372
104150
123475
114633
72494
112813
17723
15303
84568
69109
17014
19190
15086
10046
20943
100989
18287
75744
15121
16144
127255
129194
12602
10238
61297
13790
112493
112794
20379
18818
70281
120554
53011
21835
96449
125456
10182
63960
85349
98289
129898
14323
13070
12942
130616
125197
94010
64147
17920
85054
10884
130174
21754
12729
113494
18415
10618
17416
16050
115674
72301
20155
77667
130834
118796
16037
53001
20383
132338
77603
72496
72429
112695
11929
104189
53009
16470
118654
18145
18663
11724
11762
116174
93269
10328
119956
19099
13697
20443
64270
19597
110431
122934
112694
52998
10510
84589
114813
18451
21256
21541
132075
61298
16865
61249
19191
122213
20716
10691
18079
61292
129874
105049
91889
10988
15975
87289
111370
72819
61258
111372
72450
129714
129894
103172
16793
77766
19559
126855
104190
116853
96609
17530
16529
20086
101029
77569
85052
86088
16844
97089
77671
127477
20080
15828
53012
20873
11710
94349
19584
61264
107789
16081
126834
10572
13576
99449
17852
111413
12267
13976
112796
10413
110889
61266
127435
17069
87270
129395
18467
119855
53069
91869
94009
15504
77605
18721
129034
113533
103170
19440
91870
14644
14885
21006
112693
106570
21568
61263
77581
77724
14901
11042
94329
10830
10659
72498
18416
20082
126835
11591
98009
106412
19722
97869
16905
111373
119853
17537
127614
12171
18962
85050
19194
14638
129054
115676
15451
115675
127254
10198
130474
77811
13637
20074
72880
128995
19067
106651
53013
12527
14747
13861
12606
19193
110430
101390
19181
13060
10454
128494
12313
132194
16993
61256
15863
111375
17057
112696
11577
106410
86089
15228
13977
128134
128994
14114
87268
123073
111374
53007
14669
19121
18557
61265
21238
109069
126035
14324
105050
122913
17440
15088
13611
111351
132135
77599
15060
15178
11953
72459
125198
116253
77592
19746
11766
126414
77572
16059
63965
14448
118655
15223
21400
95689
63964
122393
15023
85329
132294
77886
18646
19288
17050
11499
84590
19189
18418
17620
53006
118013
129394
15707
85348
122933
16446
111309
19212
114513
61271
20078
14367
103171
127014
77767
20318
130255
21233
53005
129897
128935
12266
14150
20253
14716
85350
20216
11104
20869
17849
119955
125934
14954
72428
13140
15441
14852
110989
11516
99450
111030
106390
84588
96589
21606
13125
16654
124274
15898
10156
52995
112815
129015
21154
12746
128996
19015
16110
21228
21540
13887
52997
99209
84548
86090
130455
14235
17787
115773
77606
53004
20072
111349
53003
11571
10495
10552
126415
19143
20073
85590
84168
76773
112795
21325
20019
11849
103910
118673
103429
11148
73642
18136
118813
63959
20757
113053
20079
113873
18312
84608
13216
106409
15016
78704
53008
106650
10774
119453
61268
63963
18209
50067
12651
14267
20071
19721
115774
118994
119013
17979
77672
124774
20378
10116
53149
21185
130456
129354
18386
17290
20081
110890
10030
16353
10242
11344
12317
10255
20075
115113
15513
18251
77885
17623
130475
17941
53002
17788
74723
11655
12012
112814
111031
19195
20087
19289
15858
88549
18736
15556
11871
16321
18811
21963
85848
10674
77405
58100
81988
93749
10752
111553
110130
71969
104889
129274
128094
11475
58099
50141
11559
126014
124935
12230
13154
65996
111536
68296
14498
13631
51574
106731
101569
88029
122253
124934
11393
20143
17545
75056
75185
18246
11419
112833
50095
18868
14546
72981
128314
11618
18926
111554
14766
119393
131715
110789
21567
100610
77060
12829
116693
21660
105689
13055
16029
106529
75128
50047
53042
77651
86768
130454
75728
69170
95669
60525
17789
106813
69680
77511
121533
16157
50129
15247
10329
20684
104569
69171
20600
87328
54478
13655
128614
113174
50832
120276
77458
64386
18350
120314
120153
107370
75809
120155
70007
122733
75177
131534
14338
79688
13394
108009
10604
52802
121173
105889
60524
14093
15755
128294
69162
115053
12298
95670
75879
20831
15704
121755
18502
19454
77662
72809
95709
10512
105189
13362
121033
77596
77496
97609
72392
120393
16722
88129
69813
106029
97789
75469
10792
99289
105270
72752
74971
11076
69681
15372
106789
70067
72681
64303
120176
107234
18025
54892
72751
77432
120175
11375
72749
106477
72750
88269
79988
120293
130234
12498
77522
17588
15815
127894
105289
78784
132438
64264
13101
69682
114233
121534
72165
76270
96909
120154
106250
21071
120134
113173
77588
10265
75707
75715
64359
13097
72887
50246
75880
50862
60507
72417
18307
77516
75900
15263
54553
74280
15107
127654
14127
77365
100329
132076
17834
85030
77155
71805
73171
68744
15934
106818
18138
127276
13928
111853
20257
71984
58491
74311
97690
91229
11880
77436
85789
120914
72257
74822
132274
72400
68964
14208
77649
77326
10787
103790
52193
17025
11414
72547
68961
77417
11861
16775
125554
11932
16115
68996
17514
114654
132437
10380
77080
12934
119134
14149
17856
99871
50279
122676
71852
16420
54546
19717
64316
73176
85808
72337
77251
68624
11882
13093
64099
57834
120053
87008
50544
50545
17696
16910
12572
14957
108329
103069
15000
87769
59122
19042
100129
12236
86168
77079
74796
57879
68915
64100
15915
90689
10784
99889
77653
129794
122678
71982
85790
20069
121555
77306
54556
87749
10714
122677
68282
72667
74564
108769
119753
68621
126955
122813
74821
17989
17955
112353
72758
14719
11277
13739
19479
16418
19742
95069
64242
14656
118694
121554
18078
10221
74368
16432
122679
16837
12946
85948
64112
105129
10951
95809
119734
14916
58036
105749
96990
74728
21879
50547
19380
14593
16395
74565
97390
20799
13709
54700
13721
72259
74755
122673
50185
127274
122674
77655
104429
72338
74968
79588
19332
21762
15594
11011
71936
20468
20173
11611
11685
22039
121734
116774
100111
77831
122682
95410
72266
106129
77580
54550
54554
77078
77252
107729
127295
11792
77780
119873
77832
124976
20465
17593
107349
64241
16626
77363
117513
68557
121553
74819
64162
74817
68962
105589
124994
10589
74366
112333
96930
113593
95029
125194
126114
96469
17903
64243
73714
126534
17551
88811
18576
132314
127275
100110
20490
111854
114034
68745
68987
20658
96671
64240
125555
17314
16998
85428
64106
74347
87929
122654
71806
18434
122634
103989
15663
85028
17262
119396
126956
119153
19772
77602
106150
119214
50549
77382
86848
64092
77416
14196
20549
12243
74391
95189
99869
11261
64236
71891
18619
16701
18361
77781
15190
64009
115633
13897
13226
112253
74795
11773
50453
129414
50094
10588
72258
10902
105730
57748
21822
127194
11509
128415
58187
22031
74820
125854
96989
20749
97009
19177
17305
87048
54547
123834
106133
11167
72261
73173
77385
95171
17663
21830
105569
99870
120373
68623
74282
77067
120793
127294
50164
64089
123494
50038
95829
71795
131295
131954
68559
50550
15574
106132
50103
17108
118773
112473
123656
126074
113841
12552
87029
14116
75065
120375
106149
77384
21724
107190
85029
87028
14756
20469
122653
107690
107710
11139
12721
122680
54551
85049
10300
120374
16401
50081
64091
11761
74730
119113
107691
119397
119733
64028
74375
125557
110109
75231
11159
116073
19314
21263
86888
10490
18856
106491
96689
74806
89951
103189
66578
54558
127115
59130
15994
13685
54552
50054
116793
119194
11906
19017
113093
10785
116775
16607
120055
105110
120233
106492
119093
105729
73174
68988
72263
13424
57836
105469
18988
83788
17495
64239
18437
114433
128894
50056
71890
68989
74376
94169
77808
122473
22215
16260
64231
114095
13969
74816
68990
127655
20761
20057
13528
68743
113773
97010
10233
58037
119958
20501
73175
14902
74349
126055
19638
77652
122573
108631
13494
20629
64090
54545
85468
95830
123516
88489
77381
75199
64144
13996
18702
68993
54555
100769
13065
54549
132375
77364
16813
16361
69007
68622
74369
50174
72339
68994
64238
14251
129154
13107
18685
12519
14459
71913
19790
19051
71937
10200
17028
66579
64145
120056
18106
105249
68281
50307
68558
77269
11691
10419
72911
85051
77327
10105
14016
130235
132394
19854
122814
21729
107709
19009
68963
16979
14270
116773
86269
18174
19200
112173
68995
74815
20446
88810
21415
120054
126954
15987
13234
107692
15437
64007
77066
75132
107732
14488
94370
77830
68515
77383
87750
72262
12271
13693
18776
126054
107110
64230
12087
125254
20466
124975
20736
72370
50009
122675
18482
21693
58035
17117
76716
78328
97689
17595
74875
72260
54557
73177
12224
74279
69008
122683
106131
95070
10786
64237
14687
108309
106849
64010
125556
85048
20467
74814
119313
119957
15729
21753
119213
73172
18673
96929
14818
13336
87930
121274
14615
126056
99891
120873
77838
16480
22206
102510
15871
131515
108649
19955
70526
97629
50957
103769
77068
99130
103169
77882
120993
14612
95389
14941
54609
70005
80228
51001
78288
50110
89069
21598
54625
75421
131934
75710
54905
64228
64296
91009
77746
70248
21370
77769
107189
57172
21860
76299
16850
54897
72891
50048
121154
75453
70520
57189
70251
64382
71218
76476
10700
21147
64376
21471
53769
78308
57187
51039
121073
50072
70341
20103
99309
64384
77887
11027
14683
89949
124894
89269
111855
75419
97649
82048
90850
90929
72343
94269
50987
21368
90209
54610
111089
103890
77881
107450
118553
22238
110350
64306
79608
75422
90550
115873
64961
108989
57587
101069
127934
50255
90609
108990
19481
19318
75450
75447
129094
11391
99249
103809
125575
103209
113993
91289
75420
83428
77806
75104
10074
109429
72812
102429
95449
11360
58560
127034
75597
93529
103349
77846
106950
72484
64381
75083
16425
74991
51048
128414
19823
57208
119253
54613
97550
51009
17366
72877
124235
109889
11432
21675
95470
77747
88849
100389
16886
72322
19765
12824
107069
82708
103211
12261
72820
54670
20049
54694
54614
50039
91509
12130
57221
64377
124754
10452
72448
51002
18036
64959
12244
107510
77377
75455
51045
124034
92629
90669
75041
72875
57173
77744
60523
21679
21511
19213
95610
12453
11650
64313
72899
72659
15491
69945
19971
92569
20047
20125
70213
76283
57194
77775
20191
124374
77807
57190
69656
19767
54604
75358
21696
97429
19791
69345
99250
70242
54893
21705
97969
103449
122413
50106
21509
127874
21502
14778
64310
124234
51041
14177
15730
108269
54898
58559
20664
21514
114273
107209
77256
77874
108669
70445
124094
79080
57212
64297
57210
121294
88889
90629
88770
17313
72775
75418
74941
100250
90809
75550
14704
107849
77333
103109
60258
72447
70375
127754
72275
15742
21666
127095
72592
90349
50994
77829
108849
85928
125195
58188
64370
50277
22184
70169
57177
57171
90549
123255
97409
130554
103210
68781
75403
75266
131214
54697
21522
50317
70094
78349
16878
108829
64298
77454
102809
22202
120694
15652
56963
60495
90889
75044
77640
89189
54605
101869
112013
127414
107909
107990
124674
50296
19792
18980
76199
76235
51026
58190
97410
59444
131694
85388
20135
22234
77820
124514
60475
64962
119961
21706
64226
90229
57174
77861
76498
57202
108449
21678
114373
120333
71219
61046
119834
75381
87488
90909
77810
74838
77674
19381
21521
89669
77788
57977
117954
77880
70167
131394
90670
75084
119053
57213
58557
75491
54672
51037
13481
89950
127554
93189
72779
16720
21507
21874
102369
91129
21508
78348
21504
90049
19756
20908
118053
77483
75363
77697
69946
73694
130355
57188
64378
108809
11009
56705
79808
75362
117873
119856
54602
64309
19553
75548
19824
111149
64394
77791
77803
14238
72777
60493
103369
54698
77485
130236
70212
21526
54611
128834
131516
11644
72927
121374
19214
77059
22239
57976
19086
74553
77450
21517
64225
19217
87609
57175
15442
19826
54612
51028
119813
76924
50080
118394
20473
19578
107449
21367
77825
14497
57191
50041
15165
124314
93229
110630
72902
104549
72817
65306
66493
51000
21881
22159
57179
118153
21164
75655
97890
90749
103290
21503
11491
105409
20280
111873
54624
121673
72374
110149
21339
77797
77453
20041
60492
54713
57220
21707
88509
74989
57207
21698
57217
72898
103289
20048
109409
112433
69947
64227
53035
50127
77486
117093
17909
131696
64371
10655
21034
64960
90769
75677
19829
89569
92249
57186
21676
110349
21597
77798
124134
20044
104093
81349
15214
99489
54623
92549
72457
79869
115013
14112
78028
70319
113253
127055
75472
90849
129899
50193
54601
76678
76576
130314
77795
69742
22160
72696
84268
70095
75549
54608
57219
19565
91149
15126
12775
53771
22178
132434
20046
75676
21711
21556
74042
50201
110369
21173
119994
64198
16570
75386
22163
66012
21674
120215
107629
97769
50288
114033
75481
75446
75870
54671
57215
18279
107469
90289
108991
70049
19219
50124
57176
21516
132422
70115
102789
13636
57209
51003
15914
128734
50065
17923
70245
78440
50172
109569
72381
69853
17101
60501
101549
77409
20977
93330
124174
63974
98411
93490
12174
58558
96889
17919
72990
76119
110129
108569
14624
79288
98410
50997
87429
57199
75372
103889
15945
20043
125776
74990
50125
20045
114013
77794
54621
92129
77698
57197
90829
70934
21888
11147
76310
72375
21670
79928
73046
12222
104329
21519
120553
61168